21.692098 3.667266 3.723955 4.407915 4.233996 3.122327 4.227776 3.700907 3.983860 2.966702 3.612071 4.260116 4.019615 3.062546 4.580876 5.631371
3.667266 20.077347 3.291375 3.428338 4.326248 2.934299 3.417140 2.987405 3.746777 2.651253 3.465049 3.697454 3.750079 2.932334 4.298934 4.087320
3.723955 3.291375 21.675809 3.722658 5.467409 3.977709 4.553364 3.788546 4.281999 3.133946 5.340151 3.401907 4.082858 3.691018 5.015184 4.901379
4.407915 3.428338 3.722658 21.853589 5.256328 3.590755 3.832512 3.918058 3.623558 3.629234 4.250841 4.666194 4.226478 4.087631 5.182828 5.181374
4.233996 4.326248 5.467409 5.256328 23.600902 5.204606 5.261114 3.718754 4.857507 4.127806 5.918670 4.724033 5.169943 4.763516 5.692553 5.671533
3.122327 2.934299 3.977709 3.590755 5.204606 20.114244 4.065685 2.926573 3.237658 2.566520 4.285120 3.287382 3.376845 3.184047 4.278379 4.373134
4.227776 3.417140 4.553364 3.832512 5.261114 4.065685 21.366255 3.673191 3.959031 2.477367 5.141352 3.537931 3.806492 3.248010 4.725194 5.257903
3.700907 2.987405 3.788546 3.918058 3.718754 2.926573 3.673191 20.265329 3.322998 2.359249 4.038249 3.961897 3.145537 2.735063 4.881435 4.290058
3.983860 3.746777 4.281999 3.623558 4.857507 3.237658 3.959031 3.322998 20.963338 3.288082 4.217573 3.738511 4.228214 3.422902 4.441788 4.655466
2.966702 2.651253 3.133946 3.629234 4.127806 2.566520 2.477367 2.359249 3.288082 19.553373 2.989071 3.451816 3.211848 2.982990 3.706019 3.230700
3.612071 3.465049 5.340151 4.250841 5.918670 4.285120 5.141352 4.038249 4.217573 2.989071 22.138286 3.863776 4.016905 3.743218 5.285863 5.060114
4.260116 3.697454 3.401907 4.666194 4.724033 3.287382 3.537931 3.961897 3.738511 3.451816 3.863776 21.353436 3.778041 3.433934 5.136000 4.620671
4.019615 3.750079 4.082858 4.226478 5.169943 3.376845 3.806492 3.145537 4.228214 3.211848 4.016905 3.778041 20.449598 3.883145 4.445845 4.855261
3.062546 2.932334 3.691018 4.087631 4.763516 3.184047 3.248010 2.735063 3.422902 2.982990 3.743218 3.433934 3.883145 20.192545 3.952139 4.368305
4.580876 4.298934 5.015184 5.182828 5.692553 4.278379 4.725194 4.881435 4.441788 3.706019 5.285863 5.136000 4.445845 3.952139 22.428380 5.410463
5.631371 4.087320 4.901379 5.181374 5.671533 4.373134 5.257903 4.290058 4.655466 3.230700 5.060114 4.620671 4.855261 4.368305 5.410463 22.948757
